1110000000000000
1000001000000001
1000010000000001
1000011000000001
1000111000000001
1100100000000000
1001000000000001
1001000000000100
1001000000000001
1001000000000100
1001000000000001
1001000000000100
1001000000000001
1001000000000100
1001000000000001
0000000111110100
1000001000000001
1000010000000001
0000000111110101
1000001000000001
1000010000001000
1001000000010000
0100111000011000
0010000000011101
1000001000000010
1000010000000001
1110000000000000
1100000000000001
1000011000000001
0000000111110110
1000001000000001
1000010000001000
1001000000010000
0100111000100011
0010000000101000
1000001000000010
1000010000000001
1110000000000000
1100000000000010
1000011000000001
0000000111110111
1000001000000001
1000010000001000
1001000000010000
0100111000101110
0010000000110011
1000001000000010
1000010000000001
1110000000000000
1100000000000011
1000011000000001
0000000111111000
1000001000000001
1000010000001000
1001000000010000
0100111000111001
0010000000111110
1000001000000010
1000010000000001
1110000000000000
1100000000000100
1000011000000001
0000000111111001
1000001000000001
1000010000001000
1001000000010000
0100111001000100
0010000001001001
1000001000000010
1000010000000001
1110000000000000
1100000000000101
1000011000000001
0000000111111010
1000001000000001
1000010000001000
1001000000010000
0100111001001111
0010000001010100
1000001000000010
1000010000000001
1110000000000000
1100000000000110
1000011000000001
0000000111111011
1000001000000001
1000010000001000
1001000000010000
0100111001011010
0010000001011111
1000001000000010
1000010000000001
1110000000000000
1100000000000111
1000011000000001
0000000111111100
1000001000000001
1000010000001000
1001000000010000
0100111001100101
0010000001101010
1000001000000010
1000010000000001
1110000000000000
1100000000001000
1000011000000001
0000000111111101
1000001000000001
1000010000001000
1001000000010000
0100111001110000
0010000001110101
1000001000000010
1000010000000001
1110000000000000
1100000000001001
1000011000000001
0000000111111110
1000001000000001
1000010000001000
1001000000010000
0100111001111011
0010000000001010
1000001000000010
1000010000000001
1110000000000000
1100000000001010
1000011000000001
0000000111111111
1000001000000001
1000010000001000
1001000000010000
0100111010000110
0010000010001011
1000001000000010
1000010000000001
1110000000000000
1100000000001011
1000011000000001
0000001000000000
1000001000000001
1000010000001000
1001000000010000
0100111010010001
0010000010010110
1000001000000010
1000010000000001
1110000000000000
1100000000001100
1000011000000001
0000001000000001
1000001000000001
1000010000001000
1001000000010000
0100111010011100
0010000010100001
1000001000000010
1000010000000001
1110000000000000
1100000000001101
1000011000000001
0000001000000010
1000001000000001
1000010000001000
1001000000010000
0100111010100111
0010000010101100
1000001000000010
1000010000000001
1110000000000000
1100000000001110
1000011000000001
0000001000000011
1000001000000001
1000010000001000
1001000000010000
0100111010110010
0010000010110111
1000001000000010
1000010000000001
1110000000000000
1100000000001111
1000011000000001
0000001000000100
1000001000000001
1000010000001000
1001000000010000
0100111010111101
0010000011000010
1000001000000010
1000010000000001
1110000000000000
1100000000010000
1000011000000001
0000001000000101
1000001000000001
1000010000001000
1001000000010000
0100111011001000
0010000011001101
1000001000000010
1000010000000001
1110000000000000
1100000000010001
1000011000000001
0000001000000110
1000001000000001
1000010000001000
1001000000010000
0100111011010011
0010000011011000
1000001000000010
1000010000000001
1110000000000000
1100000000010010
1000011000000001
0000001000000111
1000001000000001
1000010000001000
1001000000010000
0100111011011110
0010000011100011
1000001000000010
1000010000000001
1110000000000000
1100000000010011
1000011000000001
1000010000000010
0001001001011000
1000011000000010
0001001001011001
